0.001584
0.035064
0.101810
0.089533
0.033429
0.012416
0.010637
0.006477
0.003999
0.008893
0.013043
0.013540
0.010662
0.012840
0.008104
0.007039
0.007645
0.018186
0.016420
0.005225
0.005269
0.003338
0.003490
0.005815
0.006723
0.007385
0.012216
0.016677
0.015268
0.010380
0.006875
0.003955
0.002486
0.001794
0.001494
0.001533
0.001290
0.001034
0.000653
0.000701
0.000864
0.000774
0.000698
0.000592
0.000484
0.000485
0.000393
0.000342
0.000319
0.000280
0.000277
0.000295
0.000328
0.000363
0.000455
0.000683
0.000767
0.000529
0.000430
0.000411
0.000479
0.000474
0.000454
0.000456
0.000467
0.000381
0.000390
0.000380
0.000396
0.000411
0.000476
0.000449
0.000453
0.000478
0.000505
0.000708
0.000626
0.000554
0.000640
0.000838
0.001093
0.001334
0.001704
0.004842
0.009865
0.010758
0.005057
0.002372
0.001593
0.001715
0.001903
0.002697
0.004188
0.004893
0.003672
0.002513
0.002042
0.001748
0.002038
0.002057
0.002629
0.003245
0.003350
0.002941
0.002761
0.002763
0.002872
0.002719
0.002430
0.002569
0.001822
0.001644
0.001519
0.001061
0.000894
0.001002
0.001116
0.000998
0.000844
0.000754
0.000796
0.000746
0.000682
0.000632
0.000491
0.000372
0.000274
0.000185
