0.004595
0.050399
0.144036
0.114034
0.043192
0.017941
0.013266
0.013382
0.012216
0.009914
0.020974
0.015788
0.010849
0.008144
0.010471
0.014262
0.010941
0.008735
0.009099
0.007997
0.003894
0.002442
0.004996
0.004989
0.005659
0.007514
0.009040
0.008624
0.006844
0.007526
0.007408
0.005493
0.004719
0.006229
0.005992
0.002833
0.002406
0.002149
0.001522
0.000577
0.001177
0.000941
0.000543
0.000445
0.000466
0.000330
0.000276
0.000235
0.000340
0.000353
0.000269
0.000340
0.000309
0.000264
0.000335
0.000331
0.000384
0.000518
0.000513
0.000359
0.000397
0.000356
0.000343
0.000380
0.000365
0.000384
0.000395
0.000376
0.000404
0.000437
0.000421
0.000440
0.000324
0.000370
0.000384
0.000550
0.000526
0.000386
0.000478
0.000641
0.000971
0.001620
0.002691
0.007523
0.014527
0.017284
0.010724
0.003397
0.002461
0.001461
0.001246
0.001338
0.001720
0.001952
0.001876
0.001893
0.001995
0.001410
0.001181
0.001337
0.001557
0.002004
0.002410
0.002936
0.002920
0.002724
0.002969
0.002734
0.002101
0.001671
0.002090
0.001760
0.000989
0.000984
0.000983
0.000929
0.000909
0.000683
0.000720
0.000609
0.000450
0.000475
0.000539
0.000455
0.000375
0.000309
0.000221
0.000171
