0.002086
0.013075
0.041930
0.048466
0.026699
0.019972
0.013145
0.005009
0.003424
0.004483
0.006406
0.008136
0.007157
0.006001
0.006330
0.004925
0.004459
0.006088
0.007382
0.004584
0.002682
0.002758
0.003170
0.003046
0.003825
0.006403
0.005696
0.003871
0.003335
0.003909
0.004124
0.003656
0.003170
0.001987
0.001394
0.001596
0.001771
0.002055
0.001801
0.001207
0.001399
0.001856
0.001839
0.001271
0.001897
0.002727
0.002795
0.002467
0.002743
0.002608
0.001810
0.001820
0.002007
0.001247
0.000853
0.001032
0.000817
0.000638
0.000895
0.001247
0.001088
0.000888
0.001009
0.000970
0.000892
0.000706
0.000678
0.000692
0.000661
0.000699
0.000812
0.000880
0.000825
0.000711
0.000948
0.001037
0.000890
0.000851
0.000737
0.000848
0.001339
0.001660
0.002067
0.004153
0.007630
0.006781
0.004138
0.002397
0.001749
0.003824
0.005087
0.004802
0.004271
0.003573
0.002233
0.001708
0.001578
0.001914
0.002592
0.003407
0.004049
0.004903
0.005362
0.005479
0.004933
0.004227
0.003618
0.003735
0.003626
0.003021
0.002991
0.002261
0.001937
0.001600
0.001157
0.001048
0.001100
0.000964
0.000866
0.000816
0.000823
0.000800
0.000668
0.000531
0.000480
0.000410
0.000338
0.000259
