0.000834
0.010008
0.021858
0.026367
0.020817
0.013500
0.008924
0.008462
0.011830
0.011167
0.008003
0.009601
0.010670
0.008353
0.009870
0.012486
0.013598
0.012431
0.009580
0.007999
0.005412
0.002903
0.001956
0.001623
0.001547
0.002022
0.002946
0.003634
0.004106
0.004074
0.002832
0.002164
0.001944
0.001853
0.001788
0.001509
0.001054
0.000919
0.000892
0.000745
0.000709
0.000744
0.000664
0.000586
0.000629
0.000564
0.000559
0.000593
0.000632
0.000522
0.000452
0.000457
0.000532
0.000509
0.000504
0.000451
0.000439
0.000465
0.000491
0.000524
0.000550
0.000567
0.000575
0.000605
0.000628
0.000550
0.000537
0.000475
0.000519
0.000664
0.000787
0.000888
0.000742
0.000659
0.000779
0.000835
0.000733
0.000705
0.000683
0.000779
0.001145
0.001220
0.001182
0.001952
0.003441
0.003921
0.003012
0.001680
0.002577
0.005943
0.008111
0.007861
0.005557
0.004174
0.002761
0.002113
0.001877
0.002115
0.002783
0.003259
0.003700
0.004476
0.004903
0.004648
0.004356
0.003733
0.003109
0.003126
0.003040
0.002730
0.002318
0.002272
0.001743
0.001419
0.001150
0.000883
0.000862
0.000821
0.000804
0.000883
0.000745
0.000723
0.000674
0.000563
0.000475
0.000378
0.000270
0.000201
