0.003506
0.041010
0.120850
0.150930
0.116511
0.055877
0.029545
0.036064
0.034631
0.020502
0.024363
0.036669
0.041450
0.027834
0.025759
0.036305
0.036175
0.019060
0.009719
0.006509
0.007023
0.006373
0.002843
0.002161
0.002096
0.003516
0.004759
0.005851
0.009661
0.009619
0.008907
0.009337
0.014608
0.016498
0.011522
0.010337
0.009029
0.006071
0.004698
0.003913
0.002741
0.003366
0.003421
0.002595
0.001439
0.001269
0.001225
0.001505
0.001488
0.001021
0.001146
0.001460
0.001415
0.001329
0.001441
0.001640
0.001860
0.002523
0.002862
0.002931
0.002727
0.002043
0.002551
0.002640
0.002054
0.001324
0.001168
0.001076
0.001267
0.001454
0.001677
0.001548
0.001150
0.001283
0.001470
0.001480
0.001504
0.001239
0.001085
0.001134
0.001337
0.001388
0.001285
0.001876
0.002195
0.002416
0.002654
0.002191
0.001770
0.001863
0.001724
0.001766
0.001755
0.001666
0.001596
0.001549
0.001400
0.001389
0.001504
0.001702
0.002076
0.002333
0.002997
0.003808
0.004797
0.004954
0.004590
0.003923
0.002784
0.001990
0.001489
0.001266
0.001111
0.000954
0.000827
0.000812
0.000793
0.000707
0.000674
0.000629
0.000628
0.000614
0.000550
0.000480
0.000439
0.000357
0.000279
0.000199
