0.007396
0.068142
0.167508
0.157280
0.092794
0.033879
0.015082
0.019974
0.020583
0.020743
0.022228
0.031964
0.033824
0.029582
0.035393
0.050191
0.045443
0.022859
0.018222
0.012835
0.006863
0.004871
0.003975
0.003678
0.004124
0.011251
0.020721
0.026170
0.033331
0.026181
0.015409
0.011353
0.010410
0.012515
0.015681
0.015912
0.009847
0.006899
0.005587
0.003587
0.003735
0.002970
0.001236
0.001042
0.000855
0.000524
0.000381
0.000422
0.000450
0.000426
0.000446
0.000391
0.000554
0.000695
0.000623
0.000507
0.000431
0.000445
0.000534
0.000625
0.000612
0.000669
0.000489
0.000434
0.000606
0.000852
0.000662
0.000627
0.000478
0.000379
0.000423
0.000420
0.000439
0.000409
0.000400
0.000533
0.000584
0.000588
0.000491
0.000471
0.000656
0.000786
0.000778
0.001109
0.001602
0.002049
0.002462
0.002047
0.001458
0.001405
0.001915
0.001654
0.001645
0.001975
0.001582
0.001475
0.001394
0.001466
0.001458
0.001449
0.001535
0.001461
0.001846
0.001852
0.001503
0.001305
0.001405
0.001459
0.001518
0.001408
0.001484
0.001227
0.000921
0.000733
0.000808
0.000960
0.001199
0.001127
0.000687
0.000659
0.000585
0.000429
0.000405
0.000397
0.000278
0.000215
0.000171
0.000140
