0.000244
0.002018
0.005634
0.007530
0.004854
0.002854
0.002207
0.002199
0.002593
0.002070
0.001523
0.001678
0.001767
0.002069
0.001541
0.001217
0.001363
0.001735
0.002280
0.002465
0.001674
0.000822
0.000378
0.000286
0.000266
0.000342
0.000611
0.000913
0.000943
0.000692
0.000478
0.000323
0.000260
0.000228
0.000180
0.000212
0.000260
0.000223
0.000200
0.000156
0.000116
0.000114
0.000104
0.000126
0.000157
0.000139
0.000130
0.000109
0.000075
0.000071
0.000079
0.000086
0.000087
0.000081
0.000087
0.000085
0.000077
0.000079
0.000087
0.000079
0.000083
0.000095
0.000094
0.000101
0.000116
0.000103
0.000091
0.000101
0.000094
0.000100
0.000117
0.000138
0.000124
0.000118
0.000146
0.000157
0.000140
0.000131
0.000135
0.000151
0.000193
0.000259
0.000303
0.000581
0.000969
0.000769
0.000517
0.000375
0.000351
0.000813
0.001140
0.000997
0.000800
0.000687
0.000417
0.000308
0.000300
0.000330
0.000423
0.000557
0.000689
0.000837
0.000831
0.000738
0.000639
0.000571
0.000590
0.000565
0.000526
0.000478
0.000406
0.000340
0.000307
0.000223
0.000171
0.000145
0.000148
0.000144
0.000147
0.000141
0.000131
0.000134
0.000120
0.000097
0.000085
0.000064
0.000043
0.000034
