0.001335
0.015771
0.045246
0.055262
0.041344
0.029075
0.010411
0.016183
0.025995
0.022358
0.012961
0.010978
0.011713
0.011980
0.012587
0.014923
0.016299
0.016326
0.017004
0.013612
0.010837
0.006986
0.004998
0.005948
0.005816
0.006469
0.006421
0.005228
0.003546
0.002499
0.001736
0.001527
0.001565
0.001170
0.001245
0.001380
0.001529
0.001854
0.001392
0.000902
0.000858
0.001026
0.001122
0.001047
0.001093
0.001039
0.000844
0.000652
0.000548
0.000496
0.000492
0.000455
0.000359
0.000327
0.000351
0.000377
0.000408
0.000398
0.000425
0.000448
0.000458
0.000446
0.000475
0.000496
0.000466
0.000437
0.000381
0.000394
0.000441
0.000509
0.000533
0.000588
0.000515
0.000544
0.000562
0.000554
0.000649
0.000630
0.000537
0.000581
0.000732
0.001086
0.001451
0.002323
0.003238
0.003720
0.003523
0.002736
0.001809
0.002104
0.003373
0.003123
0.002377
0.002703
0.002530
0.002225
0.002234
0.002099
0.001598
0.001806
0.001969
0.002229
0.002529
0.002732
0.002540
0.002198
0.001864
0.002344
0.002432
0.002559
0.002218
0.001498
0.001361
0.001073
0.000888
0.000904
0.000901
0.000921
0.000904
0.000757
0.000691
0.000683
0.000590
0.000527
0.000479
0.000352
0.000234
0.000184
