0.000947
0.008913
0.022819
0.027044
0.021147
0.013599
0.008860
0.009173
0.012992
0.010568
0.008043
0.009366
0.010199
0.008655
0.009414
0.010725
0.011794
0.009370
0.007388
0.007336
0.005227
0.002880
0.002159
0.001704
0.001423
0.001929
0.003611
0.004444
0.004468
0.004057
0.003041
0.002228
0.001967
0.001836
0.001794
0.001510
0.001115
0.000969
0.000979
0.000875
0.000789
0.000786
0.000729
0.000745
0.000691
0.000590
0.000537
0.000574
0.000662
0.000562
0.000479
0.000471
0.000546
0.000515
0.000500
0.000510
0.000475
0.000492
0.000551
0.000599
0.000598
0.000604
0.000618
0.000575
0.000631
0.000592
0.000525
0.000550
0.000610
0.000725
0.000845
0.000840
0.000748
0.000632
0.000739
0.000841
0.000779
0.000696
0.000710
0.000791
0.001056
0.001286
0.001240
0.001911
0.003378
0.004124
0.002919
0.001756
0.002559
0.005874
0.008207
0.007453
0.005799
0.004384
0.002817
0.002196
0.001981
0.002008
0.002804
0.003562
0.004154
0.004695
0.005079
0.004356
0.004404
0.004199
0.003351
0.003163
0.003242
0.002988
0.002640
0.002361
0.001920
0.001628
0.001088
0.000814
0.000884
0.000861
0.000794
0.000846
0.000875
0.000800
0.000717
0.000577
0.000475
0.000360
0.000274
0.000219
