0.007192
0.062507
0.158787
0.177324
0.097436
0.021451
0.008428
0.008969
0.007703
0.004697
0.003646
0.004179
0.005092
0.003492
0.002470
0.002715
0.003368
0.002450
0.002099
0.002762
0.002360
0.002532
0.002417
0.002073
0.001719
0.004878
0.005685
0.007494
0.008523
0.006028
0.003982
0.008041
0.011497
0.007440
0.004040
0.002977
0.003350
0.001772
0.000961
0.001126
0.001145
0.000921
0.001175
0.000912
0.000422
0.000364
0.000446
0.000541
0.000509
0.000371
0.000394
0.000362
0.000550
0.000777
0.000736
0.000637
0.000485
0.000476
0.000507
0.000495
0.000655
0.000608
0.000596
0.000510
0.000440
0.000461
0.000365
0.000459
0.000435
0.000329
0.000377
0.000415
0.000359
0.000395
0.000479
0.000785
0.000807
0.000525
0.000543
0.000659
0.001005
0.001351
0.003038
0.010002
0.020294
0.020581
0.007336
0.002694
0.001973
0.001603
0.001433
0.001446
0.001875
0.002393
0.001678
0.001421
0.001569
0.001706
0.001674
0.001538
0.001715
0.002017
0.002279
0.002232
0.002250
0.002134
0.002252
0.002568
0.002334
0.002201
0.001756
0.001369
0.001055
0.000932
0.000863
0.000850
0.000966
0.000833
0.000626
0.000720
0.000717
0.000743
0.000631
0.000496
0.000407
0.000306
0.000255
0.000161
