0.003375
0.044338
0.092853
0.058507
0.018410
0.013524
0.008253
0.009115
0.012588
0.014346
0.010712
0.013539
0.014492
0.011945
0.012018
0.014608
0.014391
0.009182
0.007314
0.005976
0.004139
0.004784
0.005289
0.004231
0.003592
0.003326
0.005539
0.016723
0.020028
0.017454
0.012120
0.006010
0.004192
0.006144
0.004405
0.002780
0.003523
0.004678
0.004562
0.002877
0.001064
0.001121
0.001395
0.001793
0.001714
0.001592
0.001176
0.000770
0.000538
0.001020
0.001907
0.002145
0.001897
0.001068
0.000703
0.000637
0.000713
0.000880
0.001260
0.001425
0.001486
0.001511
0.001559
0.001597
0.001566
0.001012
0.001028
0.001193
0.001041
0.001000
0.001168
0.001548
0.001928
0.001379
0.000937
0.000862
0.000741
0.000715
0.000667
0.000701
0.000893
0.001005
0.001026
0.001414
0.002284
0.002779
0.003557
0.003292
0.003651
0.006810
0.009236
0.008190
0.006194
0.004699
0.003599
0.002748
0.002452
0.002358
0.002790
0.003271
0.003571
0.004667
0.004803
0.005182
0.004778
0.004051
0.003359
0.003430
0.003642
0.003313
0.002856
0.002354
0.001962
0.001591
0.001201
0.001136
0.001212
0.001009
0.000830
0.000644
0.000691
0.000574
0.000598
0.000517
0.000495
0.000363
0.000258
0.000223
