0.002225
0.022235
0.052567
0.055037
0.031625
0.013588
0.008933
0.006329
0.006188
0.005320
0.003588
0.002501
0.002911
0.002061
0.001376
0.001796
0.001832
0.001564
0.001479
0.001420
0.001255
0.001039
0.001083
0.001060
0.001264
0.002127
0.003901
0.005298
0.005281
0.004871
0.004643
0.004564
0.003828
0.003734
0.003050
0.002554
0.002297
0.002080
0.001936
0.001423
0.001183
0.001109
0.000953
0.000933
0.000803
0.000711
0.000841
0.000991
0.000842
0.000661
0.000660
0.000647
0.000622
0.000689
0.000724
0.000712
0.000670
0.000704
0.000648
0.000635
0.000696
0.000616
0.000804
0.000786
0.000746
0.000691
0.000575
0.000508
0.000540
0.000601
0.000636
0.000638
0.000617
0.000771
0.001120
0.001413
0.001569
0.001445
0.001169
0.001373
0.002438
0.004089
0.005581
0.007951
0.009040
0.007787
0.017170
0.021711
0.015076
0.013082
0.008351
0.005192
0.008132
0.010537
0.009276
0.006469
0.005276
0.005098
0.005303
0.005459
0.006551
0.008836
0.010333
0.009741
0.008776
0.007459
0.007098
0.008252
0.008767
0.009211
0.008025
0.005891
0.004400
0.003920
0.003547
0.003248
0.002636
0.002053
0.001649
0.001511
0.001368
0.001153
0.001021
0.000930
0.000767
0.000509
0.000310
0.000233
