0.002433
0.012814
0.039913
0.052663
0.030916
0.021931
0.016454
0.007145
0.005081
0.007603
0.010951
0.011069
0.006851
0.008371
0.009136
0.007148
0.006764
0.008711
0.010892
0.007676
0.004176
0.003884
0.003415
0.002361
0.003925
0.005656
0.004343
0.004026
0.003666
0.003494
0.004062
0.002918
0.002485
0.001993
0.001319
0.001469
0.001503
0.001909
0.001679
0.001107
0.001208
0.001738
0.001627
0.001417
0.001726
0.001928
0.001966
0.001850
0.002397
0.001955
0.001263
0.001407
0.001931
0.001262
0.001010
0.001058
0.001157
0.000973
0.000974
0.001095
0.001021
0.000861
0.000948
0.000839
0.000704
0.000626
0.000649
0.000662
0.000588
0.000624
0.000819
0.000879
0.000764
0.000678
0.000799
0.000931
0.000826
0.000815
0.000824
0.000861
0.001107
0.001503
0.001744
0.004123
0.007530
0.007003
0.004703
0.002605
0.001875
0.003210
0.004343
0.004381
0.003777
0.003490
0.002339
0.001810
0.001700
0.001965
0.002475
0.003372
0.004040
0.004679
0.004992
0.005260
0.005140
0.004233
0.003390
0.003694
0.003692
0.003244
0.003023
0.002539
0.002210
0.001488
0.001169
0.000982
0.001011
0.000880
0.000791
0.000744
0.000811
0.000817
0.000729
0.000608
0.000514
0.000400
0.000286
0.000209
