0.002629
0.018227
0.054538
0.065141
0.035422
0.027401
0.014832
0.010708
0.008184
0.007273
0.008155
0.008563
0.008422
0.006623
0.007519
0.009468
0.009198
0.007982
0.011333
0.013566
0.009380
0.005925
0.004789
0.005299
0.011885
0.019880
0.018631
0.020042
0.017840
0.014999
0.013802
0.009111
0.005840
0.005928
0.004252
0.004734
0.004820
0.004166
0.004798
0.003763
0.003129
0.003161
0.002418
0.002242
0.001805
0.001521
0.001564
0.001064
0.000947
0.001250
0.001645
0.001622
0.001413
0.001260
0.000808
0.000747
0.000729
0.000740
0.000865
0.000937
0.001064
0.001074
0.000957
0.001291
0.001561
0.001374
0.001261
0.001067
0.000990
0.001258
0.001537
0.001599
0.001401
0.001196
0.001568
0.002070
0.001774
0.001346
0.001334
0.001794
0.002986
0.003864
0.005172
0.009137
0.014873
0.014908
0.012149
0.007814
0.006319
0.017031
0.028957
0.026813
0.020631
0.018019
0.010662
0.006904
0.006092
0.007023
0.009218
0.011824
0.016438
0.018899
0.018766
0.017883
0.015923
0.014059
0.013163
0.012541
0.012379
0.010708
0.008676
0.007246
0.005770
0.003661
0.001785
0.001391
0.001371
0.001187
0.001105
0.001242
0.001221
0.001091
0.000914
0.000766
0.000615
0.000495
0.000391
0.000272
