0.000673
0.007665
0.017988
0.020331
0.017937
0.013059
0.008611
0.008040
0.011620
0.008832
0.006836
0.008949
0.009708
0.007867
0.007895
0.011278
0.012201
0.010821
0.009663
0.008194
0.005087
0.002816
0.001830
0.001288
0.001276
0.001843
0.003147
0.004238
0.004065
0.003786
0.003112
0.002212
0.001788
0.001680
0.001695
0.001649
0.001127
0.000902
0.000884
0.000714
0.000701
0.000742
0.000676
0.000631
0.000623
0.000596
0.000514
0.000538
0.000551
0.000476
0.000476
0.000540
0.000565
0.000537
0.000509
0.000489
0.000466
0.000479
0.000496
0.000528
0.000569
0.000645
0.000571
0.000547
0.000598
0.000592
0.000531
0.000542
0.000590
0.000633
0.000712
0.000819
0.000737
0.000608
0.000708
0.000740
0.000767
0.000720
0.000697
0.000793
0.000982
0.001011
0.001245
0.002015
0.003004
0.003543
0.003032
0.001689
0.002515
0.006164
0.007768
0.006633
0.004976
0.004097
0.002944
0.002337
0.001859
0.001761
0.002528
0.003554
0.004246
0.004718
0.004933
0.004557
0.004187
0.003725
0.002993
0.003005
0.002834
0.002722
0.002546
0.002164
0.001681
0.001245
0.001015
0.000865
0.000843
0.000802
0.000781
0.000803
0.000725
0.000747
0.000666
0.000533
0.000479
0.000364
0.000265
0.000202
