0.004047
0.039676
0.115588
0.139857
0.102133
0.057065
0.031198
0.034621
0.033904
0.021390
0.022184
0.035692
0.040762
0.025771
0.022055
0.033164
0.033975
0.019198
0.008327
0.006076
0.006598
0.005268
0.002509
0.001852
0.002114
0.003257
0.004428
0.005579
0.008490
0.008838
0.008048
0.007326
0.012084
0.014960
0.010073
0.009499
0.007938
0.005723
0.004273
0.003042
0.002273
0.002672
0.002957
0.002611
0.001504
0.001439
0.001522
0.001394
0.001297
0.001123
0.000951
0.001333
0.001526
0.001378
0.001208
0.001279
0.001571
0.001677
0.002223
0.002389
0.002739
0.002791
0.002934
0.002235
0.001733
0.001633
0.001195
0.001226
0.001447
0.001588
0.001582
0.001172
0.000914
0.000925
0.001098
0.001191
0.001100
0.001000
0.000959
0.001039
0.001252
0.001268
0.001365
0.001620
0.001798
0.002339
0.002455
0.001918
0.001490
0.001878
0.001870
0.001426
0.001555
0.001428
0.001237
0.001209
0.001113
0.001212
0.001326
0.001429
0.001702
0.002248
0.002521
0.003314
0.005001
0.005019
0.004550
0.003401
0.002245
0.001789
0.001591
0.001082
0.000918
0.000870
0.000609
0.000556
0.000529
0.000507
0.000456
0.000381
0.000368
0.000436
0.000358
0.000290
0.000244
0.000215
0.000173
0.000131
